-0.349 -0.257 -0.444 -0.014  -0.01 -0.009
-0.362 -0.279 -0.339 -0.012 -0.008 -0.009
 -0.27 -0.302 -0.396 -0.014 -0.009  -0.01
 -0.33 -0.275 -0.391 -0.011 -0.009 -0.009
-0.354 -0.356 -0.323 -0.014 -0.009 -0.012
-0.292 -0.277 -0.368 -0.012 -0.011  -0.01
-0.349 -0.305 -0.421 -0.014  -0.01  -0.01
-0.295 -0.326 -0.372 -0.013  -0.01 -0.011
-0.289 -0.374 -0.425 -0.014 -0.011  -0.01
-0.401 -0.287 -0.421 -0.015 -0.011  -0.01
-0.352 -0.325 -0.469 -0.013 -0.009 -0.008
-0.326  -0.33 -0.371 -0.014 -0.009  -0.01
-0.431  -0.31 -0.445 -0.014  -0.01 -0.009
-0.377 -0.355 -0.395 -0.014  -0.01 -0.009
-0.354 -0.285  -0.37 -0.015 -0.009  -0.01
-0.381 -0.331 -0.394 -0.014 -0.009 -0.009
-0.358 -0.303 -0.498 -0.014 -0.008  -0.01
-0.266  -0.42 -0.371 -0.014  -0.01 -0.008
  -0.4  -0.33 -0.444 -0.014 -0.011 -0.009
-0.314 -0.327 -0.424 -0.014 -0.012 -0.011
 -0.43 -0.333 -0.341 -0.014 -0.011 -0.009
 -0.32 -0.332 -0.476 -0.017  -0.01  -0.01
-0.351 -0.372 -0.472 -0.013  -0.01 -0.009
 -0.34 -0.281 -0.395 -0.013 -0.012 -0.011
 -0.35 -0.255 -0.418 -0.012  -0.01  -0.01
-0.318 -0.329 -0.398 -0.014 -0.011 -0.011
-0.321 -0.373 -0.396 -0.013  -0.01 -0.009
-0.357 -0.256 -0.392 -0.013 -0.008 -0.009
-0.254 -0.249 -0.393 -0.012 -0.007  -0.01
-0.374  -0.24  -0.42 -0.016 -0.011  -0.01
-0.289   -0.3 -0.342 -0.012 -0.012 -0.009
-0.383 -0.283 -0.338 -0.014 -0.009 -0.007
-0.376  -0.26 -0.341 -0.014 -0.011 -0.009
-0.397  -0.28 -0.336 -0.012 -0.006 -0.007
-0.317 -0.252 -0.365 -0.011 -0.012 -0.009
-0.331 -0.327 -0.316 -0.013 -0.009 -0.009
-0.346 -0.235 -0.445 -0.014 -0.011  -0.01
-0.317 -0.282 -0.367 -0.014 -0.012 -0.009
-0.298 -0.302 -0.395 -0.014 -0.009  -0.01
-0.328 -0.328  -0.29 -0.013 -0.009 -0.009
-0.353 -0.304  -0.42 -0.014 -0.009 -0.009
-0.378 -0.234 -0.415 -0.014  -0.01 -0.008
-0.364 -0.234 -0.392 -0.014 -0.007 -0.009
-0.348 -0.399 -0.426 -0.013  -0.01 -0.012
-0.434 -0.361 -0.451 -0.016 -0.009 -0.011
-0.353 -0.327 -0.394 -0.013 -0.009 -0.009
-0.314 -0.305 -0.447 -0.015 -0.012 -0.009
-0.375 -0.352  -0.45 -0.013  -0.01 -0.011
-0.349 -0.326 -0.419 -0.013  -0.01 -0.009
-0.319 -0.374 -0.343 -0.013 -0.011 -0.009
-0.329  -0.28 -0.417 -0.014 -0.009 -0.008
-0.319 -0.352 -0.368 -0.014 -0.011 -0.008
-0.352 -0.332 -0.399 -0.015 -0.009 -0.011
-0.406 -0.279 -0.365 -0.011  -0.01 -0.009
-0.314 -0.352 -0.422 -0.014 -0.012 -0.009
-0.344 -0.328 -0.497 -0.014 -0.011 -0.009
 -0.32 -0.307 -0.346 -0.014 -0.011 -0.011
 -0.26 -0.379 -0.351 -0.016 -0.012 -0.011
-0.356 -0.276 -0.335 -0.011 -0.009 -0.007
-0.262 -0.252 -0.366 -0.013 -0.012 -0.009
-0.267 -0.275 -0.419 -0.013  -0.01  -0.01
-0.381 -0.209 -0.334 -0.012  -0.01 -0.007
-0.356 -0.279 -0.418 -0.013 -0.009 -0.009
-0.302 -0.227 -0.414 -0.012 -0.009 -0.008
-0.299 -0.334 -0.324 -0.017 -0.009 -0.011
-0.323 -0.278 -0.367 -0.012  -0.01 -0.009
-0.275 -0.301 -0.368 -0.014 -0.009 -0.009
-0.384 -0.303 -0.393 -0.012 -0.009 -0.009
-0.381 -0.306  -0.37 -0.013 -0.009 -0.011
-0.296 -0.302  -0.45 -0.014 -0.009 -0.012
-0.346 -0.325 -0.392 -0.012 -0.011 -0.009
-0.383 -0.259 -0.364 -0.014 -0.009 -0.008
-0.302 -0.301 -0.391 -0.013 -0.009 -0.007
-0.247 -0.275 -0.392 -0.013 -0.009 -0.008
-0.397 -0.352 -0.446 -0.013 -0.012 -0.009
-0.353  -0.33 -0.395 -0.014 -0.009 -0.009
-0.319 -0.466 -0.427 -0.012  -0.01 -0.011
-0.379 -0.373 -0.443 -0.013 -0.009 -0.007
-0.328 -0.325 -0.419 -0.013 -0.009 -0.009
-0.345 -0.353 -0.422 -0.014 -0.011 -0.009
-0.374 -0.283 -0.393 -0.014 -0.011 -0.009
 -0.32 -0.333 -0.323 -0.015 -0.011 -0.012
-0.329 -0.278 -0.419 -0.013 -0.009 -0.009
-0.324 -0.325 -0.471 -0.014 -0.009 -0.009
-0.415 -0.308 -0.417 -0.014 -0.008 -0.008
-0.401 -0.328 -0.442 -0.013 -0.011 -0.008
-0.445 -0.356 -0.445 -0.014 -0.007 -0.009
-0.325 -0.254 -0.444 -0.013 -0.009 -0.009
-0.292 -0.371 -0.473 -0.014  -0.01 -0.009
-0.369 -0.262 -0.318 -0.014 -0.012 -0.011
-0.382 -0.236 -0.394 -0.014 -0.009 -0.011
-0.279 -0.204 -0.389 -0.013 -0.008 -0.008
-0.297 -0.227 -0.339 -0.011  -0.01 -0.009
-0.305 -0.231 -0.422 -0.013 -0.008 -0.012
-0.349 -0.283 -0.421 -0.014  -0.01  -0.01
-0.248 -0.229 -0.367 -0.014 -0.009  -0.01
-0.386 -0.259 -0.365 -0.014 -0.008 -0.009
-0.299 -0.279 -0.389 -0.014 -0.009 -0.007
-0.346 -0.302  -0.42 -0.012 -0.011  -0.01
-0.296 -0.254 -0.368 -0.013  -0.01  -0.01
-0.292 -0.305 -0.371 -0.014 -0.011  -0.01
-0.328 -0.258 -0.314 -0.014 -0.009 -0.009
-0.326 -0.304 -0.367 -0.014 -0.009 -0.009
-0.319 -0.253 -0.311 -0.011 -0.012 -0.008
-0.298 -0.298 -0.394 -0.011 -0.009  -0.01
 -0.29 -0.349 -0.423 -0.014 -0.011  -0.01
-0.374 -0.351 -0.525 -0.014  -0.01  -0.01
-0.344 -0.375 -0.449 -0.014 -0.011  -0.01
-0.348 -0.353  -0.45 -0.014  -0.01 -0.011
-0.395 -0.327 -0.392 -0.011 -0.012 -0.009
-0.284 -0.349 -0.394 -0.013 -0.013 -0.008
-0.342 -0.403 -0.374 -0.015 -0.012  -0.01
-0.314 -0.352 -0.424 -0.014 -0.012  -0.01
-0.354 -0.303 -0.392 -0.013 -0.009 -0.009
-0.412 -0.379 -0.391 -0.014 -0.009 -0.007
-0.371 -0.309 -0.394 -0.015 -0.012 -0.009
-0.349 -0.348 -0.419 -0.012  -0.01 -0.009
 -0.33 -0.349 -0.472 -0.014 -0.008 -0.009
-0.388 -0.305  -0.37 -0.012 -0.008 -0.011
 -0.27 -0.324 -0.394 -0.014  -0.01 -0.009
-0.352 -0.329 -0.448 -0.014 -0.009  -0.01
-0.331 -0.256 -0.342 -0.013 -0.008  -0.01
-0.243 -0.178 -0.337 -0.011  -0.01 -0.009
-0.275 -0.247 -0.388 -0.011 -0.009 -0.008
-0.363 -0.282 -0.314 -0.014 -0.008 -0.008
-0.276 -0.234 -0.343 -0.015 -0.009  -0.01
 -0.36 -0.234 -0.419 -0.014 -0.008  -0.01
-0.333 -0.323 -0.391 -0.012 -0.008 -0.008
-0.352 -0.235 -0.339 -0.014  -0.01 -0.009
-0.306 -0.231 -0.391 -0.014 -0.008 -0.009
-0.268 -0.229  -0.39 -0.014  -0.01 -0.008
-0.332 -0.304 -0.397 -0.014 -0.008 -0.011
-0.353 -0.255  -0.31 -0.012  -0.01 -0.007
-0.268 -0.273 -0.392 -0.011  -0.01  -0.01
 -0.33 -0.302 -0.342 -0.012 -0.009 -0.009
-0.406 -0.304 -0.388 -0.012  -0.01 -0.007
-0.351 -0.258 -0.367 -0.014  -0.01 -0.009
-0.434 -0.285 -0.474 -0.014 -0.009 -0.011
-0.314 -0.351 -0.421 -0.014 -0.012 -0.009
-0.407 -0.357 -0.421 -0.015 -0.009 -0.009
-0.295 -0.323   -0.5 -0.013 -0.009 -0.011
-0.408 -0.379  -0.37 -0.014 -0.009 -0.009
-0.317 -0.353 -0.425 -0.014 -0.011 -0.011
 -0.29 -0.348 -0.419 -0.013 -0.011 -0.008
-0.324 -0.353 -0.449 -0.015 -0.009  -0.01
-0.313 -0.376 -0.451 -0.014 -0.012 -0.011
-0.377 -0.303 -0.442 -0.013  -0.01 -0.008
-0.324 -0.378 -0.423 -0.016  -0.01 -0.009
-0.368 -0.403 -0.427 -0.014 -0.012 -0.011
-0.317 -0.398 -0.421 -0.014 -0.011 -0.008
-0.382 -0.377 -0.445 -0.014 -0.009 -0.008
-0.297 -0.374 -0.395 -0.014  -0.01 -0.008
-0.313 -0.206  -0.39 -0.013 -0.006 -0.009
-0.278 -0.278  -0.37 -0.014 -0.008  -0.01
-0.266  -0.28 -0.316 -0.014 -0.011 -0.009
-0.302 -0.231 -0.285 -0.013 -0.009 -0.007
 -0.31 -0.254 -0.362 -0.013 -0.007 -0.007
-0.359 -0.213 -0.363 -0.015 -0.008 -0.007
-0.249 -0.279 -0.292 -0.014 -0.009  -0.01
-0.384 -0.303  -0.31 -0.012 -0.009 -0.007
-0.272 -0.205 -0.391 -0.013 -0.009  -0.01
-0.383 -0.278 -0.338 -0.011 -0.009 -0.009
-0.358 -0.303 -0.364 -0.013 -0.009 -0.007
-0.361 -0.257 -0.366 -0.013 -0.008 -0.009
-0.271 -0.393 -0.343 -0.012  -0.01 -0.008
-0.327 -0.299 -0.341 -0.011 -0.009 -0.009
-0.305  -0.28 -0.289 -0.014 -0.009 -0.008
-0.354 -0.301 -0.365 -0.011 -0.009 -0.009
-0.317 -0.346 -0.445 -0.012 -0.011 -0.009
-0.405 -0.378 -0.501 -0.014 -0.009  -0.01
-0.298 -0.392 -0.475 -0.012 -0.009  -0.01
-0.347 -0.376 -0.474 -0.014  -0.01 -0.009
-0.376 -0.327 -0.443 -0.013  -0.01 -0.008
 -0.32 -0.301 -0.496 -0.014  -0.01 -0.009
-0.404 -0.332 -0.421 -0.014  -0.01 -0.009
-0.351 -0.446 -0.399 -0.013  -0.01  -0.01
-0.289 -0.374 -0.425 -0.014 -0.011  -0.01
-0.395 -0.401 -0.478 -0.013 -0.012 -0.012
-0.371 -0.376 -0.473 -0.014 -0.011 -0.009
-0.345 -0.401 -0.396 -0.014 -0.011 -0.009
-0.398 -0.261 -0.418 -0.014 -0.011 -0.009
-0.271 -0.394 -0.473 -0.014 -0.009 -0.008
 -0.38  -0.33 -0.418 -0.014 -0.009 -0.008
-0.327 -0.303 -0.341 -0.013 -0.009 -0.009
-0.353 -0.256 -0.418 -0.013 -0.009 -0.009
-0.244 -0.322 -0.343 -0.013  -0.01 -0.009
-0.342 -0.185 -0.206 -0.012 -0.007 -0.007
-0.359 -0.278 -0.337 -0.012 -0.009 -0.007
-0.363 -0.188 -0.361 -0.014 -0.008 -0.007
-0.303 -0.279 -0.343 -0.013 -0.009  -0.01
-0.361 -0.251 -0.389 -0.011 -0.008 -0.009
-0.304 -0.227 -0.362 -0.011 -0.009 -0.008
-0.355 -0.235  -0.34 -0.014 -0.009 -0.009
-0.304 -0.205 -0.386 -0.013 -0.008 -0.007
 -0.39 -0.207 -0.361 -0.011 -0.008 -0.008
-0.239 -0.275 -0.314 -0.013 -0.011 -0.008
-0.242 -0.324 -0.293 -0.013  -0.01  -0.01
-0.249 -0.204 -0.315 -0.012 -0.008  -0.01
 -0.24 -0.181 -0.288 -0.012 -0.011  -0.01
-0.344 -0.374  -0.45 -0.013 -0.011 -0.011
-0.321 -0.376 -0.422 -0.015  -0.01 -0.009
-0.377 -0.309 -0.422 -0.015  -0.01  -0.01
-0.349 -0.304 -0.444 -0.014  -0.01 -0.009
 -0.34 -0.373 -0.497 -0.014 -0.012 -0.008
-0.262 -0.276 -0.469 -0.014 -0.011 -0.008
-0.323 -0.375 -0.449 -0.014  -0.01 -0.009
-0.312 -0.307 -0.371 -0.015 -0.012  -0.01
-0.374 -0.358  -0.37 -0.016 -0.011 -0.009
 -0.39 -0.335 -0.424 -0.015 -0.013 -0.011
-0.379 -0.354 -0.447 -0.014 -0.009 -0.009
-0.315 -0.279 -0.421 -0.013 -0.012 -0.011
-0.366 -0.331 -0.424 -0.014 -0.012 -0.011
-0.343 -0.278 -0.418 -0.012 -0.012 -0.009
-0.401 -0.356 -0.393 -0.014 -0.011 -0.008
-0.343 -0.351 -0.371 -0.012 -0.012 -0.011
-0.402 -0.282 -0.417 -0.013 -0.011 -0.009
-0.402 -0.306 -0.393 -0.013 -0.011 -0.009
-0.291 -0.254 -0.443 -0.014 -0.011 -0.009
-0.327 -0.307 -0.345 -0.014 -0.009  -0.01
-0.312 -0.179 -0.332 -0.011 -0.007 -0.007
-0.274 -0.203 -0.334 -0.012 -0.009 -0.007
-0.223 -0.202 -0.286 -0.012 -0.009 -0.008
-0.313 -0.254 -0.259 -0.012 -0.007 -0.007
-0.303 -0.278 -0.341 -0.013 -0.009 -0.009
-0.237 -0.224 -0.391 -0.011 -0.011  -0.01
-0.274 -0.274 -0.309 -0.012 -0.009 -0.006
-0.321 -0.229 -0.365 -0.011 -0.011 -0.009
-0.299   -0.3  -0.39 -0.013 -0.009 -0.007
-0.375 -0.253 -0.414 -0.011 -0.011 -0.008
 -0.41 -0.282  -0.34 -0.012 -0.009 -0.009
-0.346  -0.31 -0.374 -0.015 -0.011 -0.012
-0.321 -0.376 -0.396 -0.014  -0.01 -0.009
-0.354 -0.395 -0.447 -0.012 -0.009 -0.009
-0.372   -0.4 -0.421 -0.014 -0.011 -0.009
-0.378 -0.282 -0.394 -0.013  -0.01  -0.01
-0.383 -0.398 -0.421 -0.013 -0.009 -0.009
-0.288 -0.324 -0.392 -0.013 -0.012 -0.008
-0.349  -0.33 -0.397 -0.014  -0.01  -0.01
-0.324 -0.378 -0.423 -0.016  -0.01 -0.009
-0.459 -0.384 -0.422 -0.015  -0.01 -0.009
 -0.34 -0.376 -0.477 -0.014 -0.012 -0.011
 -0.43 -0.331 -0.343 -0.012 -0.011  -0.01
-0.263 -0.253 -0.446 -0.014 -0.011  -0.01
-0.352 -0.329 -0.446 -0.014 -0.009 -0.009
-0.382 -0.395 -0.445 -0.011 -0.009 -0.009
-0.345 -0.351 -0.446 -0.014 -0.011 -0.009
-0.324 -0.258 -0.344 -0.014  -0.01 -0.011
-0.297 -0.328 -0.421 -0.015 -0.009 -0.009
-0.355 -0.233 -0.366 -0.013 -0.009 -0.009
-0.376 -0.331 -0.445 -0.015  -0.01 -0.008
-0.404 -0.377 -0.395 -0.013  -0.01 -0.009
-0.289 -0.328 -0.342 -0.014 -0.012 -0.008
-0.298 -0.326 -0.395 -0.014 -0.009  -0.01
-0.355 -0.207 -0.387 -0.012 -0.009 -0.008
 -0.28 -0.229 -0.339 -0.013 -0.008 -0.009
 -0.27 -0.206 -0.313 -0.013  -0.01 -0.009
-0.332 -0.249 -0.358 -0.011 -0.009 -0.006
-0.321 -0.328 -0.315 -0.014 -0.011 -0.008
-0.322 -0.205 -0.469 -0.012  -0.01  -0.01
 -0.33 -0.278  -0.39 -0.013 -0.009 -0.008
-0.369 -0.214  -0.21 -0.014 -0.007 -0.009
-0.328 -0.302 -0.338 -0.013 -0.009 -0.007
-0.335 -0.327 -0.419 -0.014 -0.007 -0.008
-0.341 -0.308 -0.473 -0.016 -0.012 -0.009
-0.354 -0.285 -0.394 -0.016 -0.009 -0.009
-0.383  -0.33 -0.447 -0.014 -0.009 -0.009
-0.322  -0.35 -0.371 -0.013  -0.01  -0.01
-0.379 -0.353 -0.448 -0.014 -0.009  -0.01
-0.376 -0.353  -0.42 -0.014  -0.01 -0.009
-0.381 -0.331 -0.367 -0.014 -0.009 -0.008
-0.345  -0.35 -0.421 -0.013 -0.011 -0.009
-0.349 -0.354 -0.394 -0.015  -0.01 -0.008
-0.346 -0.328 -0.419 -0.014 -0.011 -0.009
-0.327 -0.353 -0.342 -0.014 -0.009 -0.008
-0.349 -0.354 -0.421 -0.015  -0.01 -0.009
-0.435 -0.381 -0.396 -0.014 -0.009 -0.009
-0.349  -0.28 -0.445 -0.014  -0.01 -0.009
-0.372 -0.259 -0.342 -0.013 -0.011  -0.01
-0.346 -0.304 -0.396 -0.013 -0.011 -0.011
-0.297 -0.256 -0.342 -0.014  -0.01  -0.01
-0.358 -0.307 -0.341 -0.014 -0.009 -0.008
-0.266  -0.27 -0.493 -0.011  -0.01 -0.008
-0.353  -0.33 -0.394 -0.014 -0.009 -0.009
-0.265  -0.28 -0.366 -0.015 -0.011 -0.007
-0.243 -0.319   -0.5 -0.012 -0.009 -0.011
-0.359  -0.28 -0.339 -0.013 -0.009 -0.008
-0.354 -0.331 -0.366 -0.015 -0.009 -0.007
-0.348 -0.281 -0.341 -0.013 -0.011 -0.009
 -0.32 -0.254 -0.365 -0.012 -0.011 -0.009
-0.241 -0.228 -0.365 -0.014  -0.01 -0.008
-0.266 -0.227 -0.385 -0.013 -0.011 -0.006
-0.328 -0.231 -0.362 -0.013 -0.009 -0.007
-0.276 -0.223 -0.359 -0.011 -0.009 -0.007
-0.351 -0.355 -0.448 -0.016 -0.009 -0.009
-0.347 -0.355 -0.343 -0.015 -0.011 -0.008
-0.346  -0.28 -0.443 -0.014 -0.011 -0.009
-0.368 -0.308 -0.367 -0.014 -0.012 -0.009
-0.374  -0.31 -0.419 -0.016 -0.011 -0.008
-0.404  -0.33 -0.443 -0.014  -0.01 -0.008
  -0.4  -0.38 -0.422 -0.014 -0.011 -0.009
-0.366 -0.354 -0.398 -0.014 -0.012 -0.011
-0.403 -0.381 -0.318 -0.014 -0.011 -0.009
-0.405 -0.286 -0.393 -0.014  -0.01 -0.009
-0.376 -0.399 -0.423 -0.013  -0.01  -0.01
-0.365 -0.377 -0.447 -0.014 -0.013 -0.009
-0.328 -0.353 -0.422 -0.015 -0.009 -0.009
-0.352 -0.421  -0.42 -0.013  -0.01 -0.007
 -0.34 -0.326 -0.496 -0.014 -0.012 -0.009
-0.346 -0.308 -0.395 -0.015 -0.011 -0.009
-0.354 -0.303 -0.392 -0.013 -0.009 -0.009
 -0.32  -0.28 -0.342 -0.013 -0.011 -0.009
-0.318  -0.35  -0.42 -0.014 -0.011 -0.009
-0.347 -0.326 -0.392 -0.013 -0.011 -0.008
-0.306 -0.302 -0.343 -0.013 -0.008  -0.01
-0.381 -0.331 -0.393 -0.014 -0.009 -0.008
-0.349 -0.302 -0.444 -0.013  -0.01 -0.009
 -0.41 -0.309 -0.343 -0.014 -0.009  -0.01
-0.301 -0.279 -0.419 -0.014 -0.009 -0.009
-0.313 -0.351 -0.318 -0.013 -0.012 -0.009
-0.312 -0.302 -0.392 -0.013 -0.012 -0.009
-0.349 -0.375 -0.395 -0.014  -0.01 -0.009
-0.381 -0.331 -0.369 -0.014 -0.009 -0.009
-0.342 -0.304  -0.42 -0.014 -0.012 -0.009
-0.299 -0.349 -0.344 -0.013 -0.009  -0.01
-0.299 -0.308 -0.347 -0.016 -0.009  -0.01
-0.323 -0.261 -0.371 -0.015  -0.01 -0.011
-0.315 -0.274 -0.442 -0.011 -0.012 -0.009
-0.373 -0.306 -0.421 -0.014 -0.011  -0.01
-0.293 -0.374 -0.422 -0.014  -0.01 -0.009
-0.314 -0.333 -0.423 -0.017 -0.012 -0.009
-0.401 -0.333  -0.29 -0.014 -0.012 -0.009
-0.285 -0.253 -0.391 -0.013 -0.012 -0.009
-0.241 -0.349 -0.452 -0.015  -0.01 -0.011
-0.287 -0.329 -0.424 -0.015 -0.012  -0.01
-0.375 -0.282 -0.367 -0.013 -0.011 -0.009
-0.299 -0.282  -0.37 -0.015 -0.009  -0.01
-0.352 -0.352 -0.423 -0.014 -0.009  -0.01
-0.281  -0.33 -0.374 -0.015 -0.013 -0.011
 -0.35 -0.304 -0.417 -0.014  -0.01 -0.008
-0.317 -0.397 -0.425 -0.013 -0.011 -0.011
-0.351 -0.235 -0.366 -0.014  -0.01 -0.009
-0.327 -0.307 -0.343 -0.015 -0.009 -0.009
-0.356 -0.328 -0.396 -0.013 -0.009  -0.01
-0.355 -0.253 -0.362 -0.011 -0.009 -0.008
-0.443  -0.26 -0.282 -0.012 -0.008 -0.007
 -0.32 -0.255 -0.365 -0.013 -0.011 -0.009
-0.357 -0.256 -0.392 -0.013 -0.008 -0.009
-0.306 -0.281 -0.369 -0.014 -0.008  -0.01
-0.241 -0.253  -0.39 -0.014  -0.01 -0.008
-0.329 -0.277 -0.416 -0.013 -0.009 -0.008
-0.347 -0.329 -0.369 -0.014 -0.011 -0.009
-0.267 -0.323 -0.392 -0.013  -0.01 -0.007
-0.321 -0.208 -0.365 -0.013 -0.011 -0.009
-0.283 -0.326 -0.447 -0.014 -0.013 -0.009
-0.347 -0.283 -0.395 -0.014 -0.011  -0.01
-0.291 -0.325 -0.393 -0.014 -0.011 -0.008
-0.253 -0.374 -0.503 -0.016 -0.013  -0.01
-0.302 -0.373 -0.474 -0.014 -0.014 -0.009
-0.348 -0.425   -0.4 -0.014  -0.01  -0.01
-0.292 -0.347 -0.472 -0.014  -0.01 -0.009
-0.298  -0.35 -0.371 -0.014 -0.009  -0.01
-0.299 -0.277  -0.39 -0.014 -0.009 -0.007
-0.388 -0.355 -0.368 -0.014 -0.008 -0.008
-0.349 -0.302  -0.44 -0.014  -0.01 -0.007
-0.376 -0.356 -0.422 -0.015  -0.01 -0.009
-0.317 -0.352 -0.447 -0.015 -0.011 -0.009
-0.398 -0.355 -0.395 -0.014 -0.012 -0.009
 -0.37 -0.376 -0.395 -0.013 -0.012 -0.009
-0.289 -0.303 -0.366 -0.014 -0.012 -0.007
-0.348 -0.401 -0.425 -0.014  -0.01  -0.01
-0.322 -0.375 -0.372 -0.014  -0.01  -0.01
  -0.3  -0.23 -0.341 -0.012 -0.009  -0.01
-0.291 -0.277  -0.42 -0.013 -0.011  -0.01
 -0.27 -0.323 -0.394 -0.013  -0.01 -0.009
-0.195 -0.299 -0.394 -0.015 -0.008 -0.008
-0.361 -0.303 -0.365 -0.013 -0.008 -0.008
 -0.27 -0.303 -0.397 -0.014 -0.009  -0.01
-0.322 -0.279 -0.312 -0.013 -0.011 -0.007
-0.298 -0.325 -0.394 -0.014 -0.009 -0.009
-0.254   -0.3  -0.37 -0.014 -0.007  -0.01
-0.328 -0.205 -0.364 -0.011 -0.009 -0.009
-0.334 -0.254 -0.365 -0.012 -0.008 -0.009
-0.262 -0.272 -0.361 -0.011 -0.012 -0.007
-0.355 -0.329 -0.446 -0.014 -0.009 -0.009
-0.299 -0.279 -0.368 -0.014 -0.009  -0.01
-0.325 -0.284 -0.315 -0.015  -0.01 -0.008
-0.267  -0.25  -0.44 -0.013  -0.01 -0.007
-0.295 -0.348 -0.498 -0.014  -0.01 -0.009
 -0.38 -0.329 -0.441 -0.014 -0.009 -0.007
-0.298 -0.329 -0.373 -0.014 -0.009 -0.011
-0.397 -0.328 -0.447 -0.012 -0.012 -0.011
-0.401 -0.309 -0.421 -0.014 -0.011  -0.01
-0.407 -0.308 -0.471 -0.014 -0.009 -0.009
-0.354 -0.307 -0.369 -0.014 -0.009 -0.009
-0.272 -0.275  -0.34 -0.012 -0.009 -0.009
-0.267 -0.348 -0.369 -0.013  -0.01 -0.009
-0.312 -0.329 -0.369 -0.014 -0.012 -0.009
 -0.35 -0.302 -0.392 -0.012  -0.01 -0.009
-0.353 -0.331 -0.371 -0.014 -0.009  -0.01
-0.431 -0.353 -0.444 -0.013  -0.01 -0.009
-0.322 -0.279 -0.419 -0.014  -0.01 -0.009
-0.374 -0.384 -0.346 -0.017 -0.011 -0.009
  -0.4 -0.258 -0.384 -0.014 -0.011 -0.005
-0.294 -0.252 -0.443 -0.013  -0.01 -0.009
-0.339 -0.184 -0.362 -0.013 -0.007 -0.008
-0.317  -0.28 -0.341 -0.014 -0.006 -0.008
-0.386 -0.255 -0.365 -0.011 -0.008 -0.009
-0.365 -0.257 -0.341 -0.013 -0.007 -0.009
-0.329 -0.255 -0.416 -0.014 -0.009 -0.008
-0.365 -0.279 -0.339 -0.012 -0.007 -0.009
-0.271 -0.252 -0.392 -0.013 -0.009 -0.009
-0.293 -0.188 -0.367 -0.015 -0.011  -0.01
-0.295 -0.256 -0.397 -0.014  -0.01 -0.012
-0.383 -0.283 -0.339 -0.014 -0.009 -0.008
-0.346 -0.352 -0.419 -0.014 -0.011 -0.008
-0.328 -0.329 -0.292 -0.014 -0.009 -0.009
-0.327 -0.279 -0.366 -0.013 -0.009 -0.009
 -0.32 -0.227 -0.497 -0.012  -0.01 -0.012
-0.312 -0.395 -0.496 -0.013 -0.012 -0.007
-0.259 -0.348 -0.424 -0.014 -0.012  -0.01
-0.349 -0.401 -0.371 -0.014  -0.01 -0.009
 -0.29 -0.376 -0.422 -0.016 -0.011 -0.008
-0.289 -0.304 -0.368 -0.014 -0.012 -0.009
 -0.43 -0.431 -0.452 -0.016  -0.01  -0.01
-0.291 -0.325 -0.396 -0.013 -0.011  -0.01
-0.317 -0.302 -0.448 -0.013 -0.011 -0.011
-0.369 -0.429 -0.376 -0.015 -0.012 -0.011
  -0.3 -0.302 -0.445 -0.014 -0.009 -0.009
-0.319 -0.281  -0.42 -0.014 -0.011 -0.009
-0.341  -0.33  -0.45 -0.014 -0.012 -0.011
-0.235 -0.305 -0.401 -0.016 -0.011 -0.012
-0.415 -0.378 -0.372 -0.013 -0.008 -0.011
-0.322 -0.303 -0.419 -0.014  -0.01 -0.009
-0.208   -0.3 -0.396 -0.014 -0.011  -0.01
-0.302 -0.276  -0.26 -0.011 -0.009 -0.007
-0.217   -0.2 -0.365 -0.011 -0.009  -0.01
-0.251 -0.249 -0.364 -0.012 -0.008 -0.008
 -0.35 -0.234 -0.286 -0.013 -0.011 -0.008
-0.228 -0.249 -0.316 -0.012 -0.007  -0.01
 -0.27 -0.201  -0.36 -0.011  -0.01 -0.007
-0.299 -0.204 -0.415 -0.012 -0.009 -0.009
-0.303  -0.23 -0.391 -0.013 -0.009 -0.009
-0.382 -0.356 -0.426 -0.014 -0.009 -0.012
-0.276  -0.23 -0.362 -0.014 -0.009 -0.007
-0.354 -0.257 -0.395 -0.013 -0.009 -0.011
-0.277 -0.276 -0.311 -0.013 -0.009 -0.007
-0.351 -0.257 -0.368 -0.013  -0.01  -0.01
-0.356 -0.258 -0.339 -0.014 -0.009 -0.008
-0.276 -0.252 -0.339 -0.013 -0.009 -0.008
-0.211 -0.319 -0.444 -0.013  -0.01 -0.008
-0.294 -0.353 -0.421 -0.016  -0.01 -0.008
-0.359 -0.304 -0.447 -0.014 -0.008  -0.01
-0.318  -0.35 -0.422 -0.014 -0.011 -0.009
-0.237 -0.398 -0.294 -0.015 -0.011 -0.008
-0.378 -0.333 -0.477 -0.015 -0.009 -0.012
 -0.28 -0.326 -0.423 -0.014 -0.013  -0.01
-0.288 -0.301 -0.524 -0.014 -0.011  -0.01
-0.429 -0.332 -0.397 -0.013 -0.011 -0.011
-0.375 -0.357 -0.476 -0.016  -0.01  -0.01
-0.379 -0.378 -0.422 -0.014 -0.009 -0.009
-0.203 -0.373 -0.427 -0.016 -0.012  -0.01
 -0.34 -0.352   -0.5 -0.014 -0.012  -0.01
 -0.34 -0.373 -0.497 -0.014 -0.012 -0.008
 -0.35 -0.399 -0.451 -0.014  -0.01 -0.011
-0.319  -0.33 -0.395 -0.015 -0.011 -0.009
-0.273 -0.255 -0.337 -0.014 -0.009 -0.007
-0.385 -0.233 -0.281 -0.012 -0.009 -0.006
-0.363 -0.231 -0.334 -0.012 -0.008 -0.007
-0.251 -0.201 -0.282 -0.011 -0.009 -0.007
  -0.3 -0.227 -0.362 -0.011 -0.009 -0.008
-0.382  -0.26 -0.365 -0.014 -0.009 -0.008
  -0.3 -0.224 -0.385 -0.011 -0.009 -0.007
-0.245 -0.228 -0.341 -0.013 -0.009  -0.01
  -0.3 -0.253 -0.339 -0.012 -0.009 -0.009
-0.249 -0.226 -0.338 -0.012 -0.009 -0.008
-0.238 -0.275 -0.341 -0.013 -0.011 -0.009
-0.356 -0.235 -0.312 -0.014 -0.009 -0.008
-0.361  -0.28 -0.391 -0.013 -0.008 -0.009
-0.318 -0.254 -0.338 -0.012 -0.012 -0.008
-0.294 -0.304 -0.314 -0.014 -0.011 -0.007
-0.275 -0.223 -0.415 -0.011 -0.009 -0.009
-0.313 -0.373 -0.448 -0.014 -0.012 -0.009
-0.322 -0.424  -0.37 -0.015  -0.01 -0.007
 -0.34 -0.333 -0.345 -0.015 -0.012 -0.009
-0.378 -0.355 -0.344 -0.014  -0.01 -0.009
-0.284 -0.282  -0.42 -0.016 -0.012 -0.009
-0.373 -0.353 -0.443 -0.014 -0.011 -0.007
-0.372 -0.306  -0.47 -0.014 -0.011 -0.009
-0.283 -0.326 -0.423 -0.014 -0.012  -0.01
-0.405  -0.31 -0.395 -0.014  -0.01  -0.01
-0.346 -0.399 -0.394 -0.014 -0.011 -0.008
-0.349 -0.333 -0.422 -0.016  -0.01 -0.009
-0.342 -0.349 -0.421 -0.012 -0.012  -0.01
-0.344 -0.281 -0.392 -0.014 -0.012 -0.009
-0.319 -0.375 -0.476 -0.014  -0.01  -0.01
-0.378 -0.327 -0.496 -0.014 -0.009 -0.009
-0.323 -0.282  -0.37 -0.014  -0.01  -0.01
 -0.21 -0.347 -0.293 -0.013 -0.011 -0.009
-0.197 -0.194 -0.359  -0.01 -0.008 -0.007
 -0.36 -0.329  -0.26 -0.013 -0.009 -0.006
-0.225 -0.228 -0.314 -0.013 -0.008 -0.008
-0.267 -0.254 -0.311 -0.013 -0.011 -0.007
-0.252 -0.247 -0.362 -0.011 -0.008 -0.007
-0.294 -0.231 -0.312 -0.013 -0.011 -0.008
-0.242 -0.275 -0.313 -0.013  -0.01 -0.007
-0.275 -0.229 -0.394 -0.013 -0.009  -0.01
-0.332 -0.233 -0.311 -0.014 -0.008 -0.007
-0.281 -0.254 -0.395 -0.014 -0.007  -0.01
 -0.35 -0.252 -0.415 -0.011  -0.01 -0.009
-0.273 -0.254 -0.314 -0.014 -0.009 -0.008
-0.306 -0.275 -0.391 -0.012 -0.008 -0.009
-0.318 -0.324 -0.421 -0.012 -0.011  -0.01
-0.339 -0.379  -0.48 -0.015 -0.012 -0.012
-0.315 -0.306 -0.398 -0.014 -0.012 -0.011
 -0.35 -0.329 -0.395 -0.014  -0.01 -0.009
-0.313 -0.353  -0.45 -0.015 -0.012  -0.01
-0.346  -0.35 -0.396 -0.012 -0.011  -0.01
-0.316 -0.352  -0.37 -0.014 -0.012 -0.009
-0.321 -0.323 -0.469 -0.013  -0.01 -0.008
 -0.32 -0.371 -0.448 -0.012  -0.01  -0.01
-0.344 -0.353 -0.449 -0.014 -0.011  -0.01
-0.346 -0.351 -0.419 -0.014 -0.011 -0.008
-0.378  -0.45 -0.451 -0.015  -0.01 -0.009
-0.275 -0.326 -0.344 -0.014 -0.009  -0.01
-0.374  -0.35 -0.393 -0.012 -0.011 -0.009
 -0.35 -0.381 -0.479 -0.017 -0.009 -0.011
-0.402 -0.403 -0.477 -0.014  -0.01 -0.011
-0.354 -0.277 -0.366 -0.011 -0.009 -0.009
  -0.3 -0.279 -0.318 -0.013 -0.009  -0.01
-0.297 -0.325 -0.421 -0.014 -0.009  -0.01
-0.289  -0.35 -0.343 -0.013 -0.012 -0.009
-0.346  -0.33 -0.395 -0.014 -0.011 -0.009
-0.382 -0.331 -0.342 -0.014 -0.009 -0.009
-0.328 -0.276 -0.338 -0.011 -0.009 -0.008
 -0.31 -0.226 -0.363 -0.011 -0.007 -0.009
-0.269 -0.205 -0.366 -0.013  -0.01  -0.01
-0.309 -0.207  -0.31 -0.013 -0.008 -0.007
-0.304 -0.227 -0.362 -0.011 -0.009 -0.008
-0.291 -0.252 -0.314 -0.011 -0.012 -0.009
-0.327 -0.256 -0.365 -0.014 -0.009 -0.008
-0.279 -0.227 -0.363 -0.012 -0.008 -0.008
-0.245 -0.228  -0.34 -0.013 -0.009 -0.009
-0.302 -0.258 -0.418 -0.016 -0.009 -0.008
-0.322 -0.331 -0.394 -0.016  -0.01 -0.008
-0.428 -0.286 -0.444 -0.015 -0.011 -0.009
-0.347 -0.333 -0.346 -0.015 -0.011  -0.01
-0.284 -0.376 -0.348 -0.014 -0.013  -0.01
-0.354  -0.38 -0.319 -0.015 -0.009 -0.009
-0.339 -0.399 -0.501 -0.014 -0.012 -0.009
-0.284 -0.303 -0.397 -0.014 -0.012 -0.011
-0.353  -0.33 -0.394 -0.014 -0.009 -0.009
-0.324 -0.379 -0.421 -0.016  -0.01 -0.007
-0.342 -0.353 -0.397 -0.014 -0.012  -0.01
-0.352 -0.349 -0.421 -0.012 -0.009  -0.01
 -0.38 -0.307  -0.42 -0.014 -0.009 -0.009
-0.341 -0.375 -0.449 -0.014 -0.012  -0.01
-0.265 -0.298 -0.496 -0.014  -0.01 -0.009
-0.374 -0.302 -0.439 -0.013 -0.011 -0.007
 -0.38 -0.333 -0.396 -0.015 -0.009 -0.009
-0.243 -0.298 -0.418 -0.013  -0.01 -0.008
 -0.35 -0.233 -0.416 -0.014  -0.01 -0.009
-0.402 -0.333 -0.344 -0.014 -0.011  -0.01
 -0.41 -0.354 -0.424 -0.013 -0.009 -0.011
-0.305 -0.327 -0.369 -0.014 -0.008 -0.009
-0.297 -0.303 -0.421 -0.014 -0.009  -0.01
-0.376 -0.305 -0.469 -0.014  -0.01 -0.008
 -0.32 -0.305 -0.367 -0.014 -0.011 -0.008
-0.348 -0.304 -0.471 -0.014  -0.01 -0.009
-0.247 -0.224 -0.307 -0.011 -0.009 -0.006
-0.289 -0.272 -0.255  -0.01 -0.006 -0.005
  -0.3 -0.206 -0.364 -0.013 -0.009 -0.009
-0.223 -0.273 -0.369 -0.013 -0.008  -0.01
-0.241 -0.299 -0.342 -0.013  -0.01 -0.009
-0.411 -0.348 -0.393  -0.01 -0.009  -0.01
-0.354 -0.255 -0.414 -0.013 -0.009 -0.007
-0.346 -0.301 -0.416 -0.012 -0.011 -0.008
-0.349 -0.393  -0.55 -0.012  -0.01 -0.009
-0.286 -0.304 -0.451 -0.014 -0.012 -0.012
-0.266 -0.371 -0.398 -0.013  -0.01  -0.01
-0.354 -0.283 -0.367 -0.014 -0.009 -0.009
-0.399 -0.265  -0.37 -0.015 -0.011 -0.011
-0.322 -0.378 -0.394 -0.016  -0.01 -0.007
-0.271 -0.351 -0.346 -0.014  -0.01  -0.01
-0.374 -0.358 -0.369 -0.016 -0.011 -0.008
-0.318 -0.355 -0.398 -0.016 -0.011 -0.009
-0.325 -0.305 -0.421 -0.014 -0.009 -0.009
-0.366 -0.305 -0.445 -0.014 -0.012 -0.009
-0.401 -0.377 -0.395 -0.013 -0.011 -0.009
-0.295 -0.306 -0.372 -0.015  -0.01  -0.01
-0.351 -0.424 -0.423 -0.014  -0.01 -0.009
-0.297 -0.395 -0.396 -0.013  -0.01 -0.009
 -0.36 -0.327 -0.417 -0.014 -0.008 -0.007
-0.343 -0.303 -0.419 -0.013 -0.012 -0.009
-0.376 -0.325 -0.447 -0.012  -0.01 -0.011
-0.333 -0.303 -0.368 -0.013 -0.008 -0.009
-0.355 -0.259 -0.365 -0.014 -0.009 -0.008
-0.251 -0.254  -0.39 -0.015 -0.008 -0.007
-0.443 -0.262 -0.417 -0.014 -0.008 -0.009
-0.297  -0.28 -0.317 -0.014  -0.01  -0.01
-0.274 -0.276 -0.419 -0.014 -0.009 -0.009
-0.376 -0.329 -0.445 -0.014  -0.01 -0.009
-0.209 -0.251 -0.419 -0.014 -0.011 -0.009
-0.352 -0.303 -0.313 -0.012  -0.01 -0.008
-0.352 -0.254 -0.338 -0.011  -0.01 -0.009
-0.271 -0.225 -0.287  -0.01  -0.01 -0.009
-0.362 -0.141 -0.261 -0.013 -0.008  -0.01
-0.351 -0.304 -0.364 -0.014  -0.01 -0.007
-0.353 -0.282 -0.422 -0.014 -0.009 -0.011
-0.321 -0.347 -0.444 -0.013  -0.01 -0.008
 -0.32 -0.327 -0.473 -0.014  -0.01 -0.009
 -0.27 -0.324 -0.417 -0.014  -0.01 -0.007
-0.359 -0.355 -0.423 -0.015 -0.008 -0.009
-0.325 -0.328 -0.421 -0.014 -0.009 -0.009
 -0.27 -0.345 -0.395 -0.012  -0.01  -0.01
-0.286 -0.374 -0.423 -0.014 -0.012 -0.009
-0.265 -0.275 -0.342 -0.012 -0.011  -0.01
 -0.32  -0.35 -0.449 -0.014  -0.01  -0.01
  -0.3 -0.323 -0.446 -0.013 -0.009  -0.01
-0.298 -0.301 -0.392 -0.014 -0.009 -0.008
-0.262 -0.297  -0.47 -0.013 -0.011 -0.009
-0.315 -0.354 -0.397 -0.015 -0.012 -0.009
-0.381 -0.279 -0.418 -0.012 -0.009 -0.009
-0.273 -0.204 -0.365 -0.012 -0.009  -0.01
-0.271   -0.3 -0.394 -0.014 -0.009 -0.009
-0.234 -0.252 -0.364 -0.013 -0.012 -0.007
-0.352 -0.258 -0.364 -0.014  -0.01 -0.008
-0.308 -0.276 -0.418 -0.012 -0.013 -0.009
-0.305 -0.254 -0.394 -0.013 -0.008  -0.01
-0.279 -0.327  -0.34 -0.015 -0.008 -0.007
-0.277 -0.229 -0.311 -0.013 -0.009 -0.007
-0.323 -0.299 -0.366 -0.011  -0.01 -0.009
-0.327 -0.281 -0.368 -0.014 -0.009 -0.009
-0.273 -0.277 -0.317 -0.013 -0.009  -0.01
-0.348  -0.28 -0.472 -0.014  -0.01  -0.01
-0.284 -0.231 -0.442 -0.014 -0.012 -0.008
-0.334 -0.303 -0.344 -0.012 -0.008 -0.011
 -0.24 -0.276 -0.395 -0.014  -0.01  -0.01
-0.355 -0.307 -0.318 -0.014 -0.009  -0.01
-0.319 -0.327 -0.368 -0.014 -0.011 -0.009
-0.351 -0.285 -0.391 -0.016  -0.01 -0.007
-0.292 -0.323 -0.391 -0.013 -0.011 -0.007
-0.362 -0.305 -0.469 -0.014 -0.013 -0.008
  -0.3 -0.348   -0.4 -0.012 -0.009 -0.012
-0.353 -0.354 -0.373 -0.014 -0.009 -0.011
-0.352 -0.374 -0.423 -0.013 -0.009  -0.01
-0.347 -0.308 -0.394 -0.015 -0.011 -0.009
-0.409 -0.331 -0.366 -0.014 -0.009 -0.008
 -0.38 -0.329  -0.42 -0.014 -0.009 -0.009
-0.372 -0.375 -0.445 -0.014 -0.011 -0.008
-0.235 -0.322 -0.419 -0.013 -0.011 -0.008
-0.312 -0.304 -0.394 -0.014 -0.012 -0.009
-0.293 -0.369 -0.447 -0.012  -0.01 -0.009
-0.373 -0.284  -0.47 -0.015 -0.011 -0.009
-0.273 -0.279 -0.317 -0.014 -0.009  -0.01
 -0.36 -0.304 -0.391 -0.014 -0.008 -0.008
-0.245 -0.255 -0.343 -0.014 -0.009  -0.01
-0.244 -0.253 -0.368 -0.014 -0.009  -0.01
-0.322 -0.233 -0.419 -0.014  -0.01  -0.01
-0.292  -0.23 -0.391 -0.013 -0.011 -0.009
-0.299 -0.277 -0.392 -0.013 -0.009 -0.009
-0.215 -0.342 -0.395 -0.012  -0.01 -0.009
 -0.41 -0.233 -0.386 -0.012 -0.009 -0.007
-0.287 -0.279 -0.446 -0.014 -0.012 -0.009
-0.319 -0.304 -0.369 -0.014 -0.011 -0.009
-0.328 -0.259 -0.314 -0.014 -0.009 -0.008
-0.299 -0.253 -0.391 -0.013 -0.009 -0.009
-0.343 -0.261 -0.421 -0.015 -0.012  -0.01
-0.243 -0.229 -0.312 -0.013  -0.01 -0.007
-0.293 -0.323 -0.448 -0.012  -0.01 -0.011
-0.345 -0.325 -0.469 -0.013 -0.011 -0.008
-0.344 -0.376 -0.447 -0.014 -0.011 -0.009
-0.345 -0.354 -0.423 -0.014 -0.011  -0.01
-0.257 -0.303 -0.371 -0.014 -0.012  -0.01
-0.369 -0.377 -0.424 -0.014 -0.012 -0.011
-0.294 -0.325  -0.42 -0.014  -0.01 -0.009
-0.401 -0.358 -0.396 -0.015 -0.011 -0.009
-0.341 -0.329 -0.447 -0.014 -0.012 -0.009
-0.314 -0.399 -0.422 -0.014 -0.012 -0.009
-0.341 -0.348 -0.446 -0.012 -0.012 -0.009
-0.239 -0.328 -0.395 -0.016  -0.01 -0.008
-0.272 -0.301 -0.474 -0.014 -0.009  -0.01
-0.314 -0.331 -0.426 -0.015 -0.012 -0.012
-0.377 -0.356 -0.372 -0.014  -0.01  -0.01
-0.268 -0.372 -0.345 -0.013  -0.01 -0.009
-0.329 -0.299  -0.42 -0.011 -0.009  -0.01
-0.357 -0.276 -0.415 -0.011 -0.009 -0.008
-0.268 -0.298 -0.368 -0.012  -0.01  -0.01
-0.276 -0.253  -0.34 -0.013 -0.009 -0.009
-0.291  -0.35 -0.369 -0.014 -0.011 -0.009
-0.376 -0.257 -0.363 -0.013 -0.011 -0.008
-0.327 -0.303 -0.366 -0.014 -0.009 -0.008
-0.382 -0.234 -0.284 -0.012  -0.01 -0.007
-0.262  -0.35 -0.423 -0.015 -0.011  -0.01
-0.298 -0.225 -0.441 -0.011 -0.009 -0.009
-0.236 -0.204 -0.466 -0.014 -0.011 -0.007
-0.326 -0.328 -0.367 -0.014 -0.009 -0.008
-0.317 -0.233 -0.343 -0.013 -0.011 -0.011
-0.295 -0.207 -0.443 -0.014  -0.01  -0.01
-0.294 -0.297 -0.444 -0.011  -0.01 -0.009
-0.348 -0.344  -0.49 -0.011  -0.01 -0.006
-0.299 -0.375 -0.451 -0.015 -0.009  -0.01
-0.282 -0.353 -0.451 -0.016 -0.013  -0.01
-0.314 -0.303 -0.447 -0.014 -0.012  -0.01
-0.309 -0.349 -0.367 -0.013 -0.013 -0.008
-0.367 -0.325 -0.391 -0.011 -0.012 -0.009
-0.349 -0.354 -0.401 -0.014  -0.01 -0.012
-0.346 -0.377 -0.373 -0.014 -0.011 -0.011
-0.293 -0.323 -0.445 -0.013  -0.01 -0.009
-0.307 -0.324  -0.47 -0.013 -0.013 -0.009
-0.339 -0.328 -0.419 -0.014 -0.012 -0.009
-0.294 -0.349 -0.398 -0.013  -0.01 -0.011
-0.262  -0.35 -0.422 -0.015 -0.011 -0.009
-0.306 -0.278 -0.369 -0.013 -0.008  -0.01
-0.346 -0.212 -0.444 -0.015 -0.011 -0.009
 -0.32 -0.277 -0.365 -0.012 -0.011 -0.009
-0.329 -0.325 -0.395 -0.012 -0.009  -0.01
-0.386 -0.281  -0.34 -0.012 -0.008 -0.009
-0.384 -0.284 -0.288 -0.014 -0.009 -0.008
-0.242 -0.276 -0.316 -0.013  -0.01 -0.009
-0.299 -0.301 -0.368 -0.013 -0.009  -0.01
-0.336 -0.281 -0.419 -0.014 -0.007 -0.009
-0.357 -0.305 -0.391 -0.014 -0.009 -0.007
-0.299 -0.302 -0.368 -0.014 -0.009 -0.009
-0.299 -0.303 -0.343 -0.014 -0.009  -0.01
-0.248 -0.296 -0.364 -0.012 -0.009 -0.007
 -0.27 -0.258 -0.422 -0.016 -0.009  -0.01
-0.387 -0.257 -0.467 -0.014 -0.008 -0.008
-0.268 -0.299 -0.367 -0.013  -0.01 -0.009
-0.302  -0.28  -0.37 -0.014 -0.009  -0.01
-0.408 -0.213  -0.34 -0.013  -0.01  -0.01
 -0.33 -0.281 -0.371 -0.014 -0.009 -0.011
-0.346 -0.377 -0.394 -0.014 -0.011 -0.008
-0.314 -0.351 -0.448 -0.014 -0.012 -0.009
-0.294 -0.328 -0.422 -0.015  -0.01  -0.01
-0.313 -0.419 -0.448 -0.013 -0.012 -0.009
-0.376  -0.33 -0.445 -0.014  -0.01 -0.009
-0.334 -0.377 -0.293 -0.013 -0.014 -0.009
-0.321 -0.374 -0.397 -0.014  -0.01 -0.009
-0.329 -0.352  -0.37 -0.014 -0.009 -0.009
-0.347 -0.378 -0.452 -0.015  -0.01 -0.011
-0.349 -0.376 -0.419 -0.014  -0.01 -0.007
-0.296  -0.35 -0.321 -0.013  -0.01 -0.011
-0.307 -0.303 -0.447 -0.014 -0.007  -0.01
-0.324   -0.3 -0.341 -0.011  -0.01 -0.009
-0.342 -0.325 -0.445 -0.012 -0.012 -0.009
-0.429 -0.332 -0.393 -0.014 -0.011 -0.009
-0.358 -0.278 -0.341 -0.011 -0.008  -0.01
-0.333 -0.258 -0.287 -0.014 -0.008 -0.008
-0.264 -0.302 -0.369 -0.014 -0.011 -0.009
-0.289  -0.32  -0.34 -0.011 -0.006 -0.008
-0.319 -0.231 -0.311 -0.012 -0.011 -0.008
-0.244 -0.323 -0.344 -0.013  -0.01  -0.01
 -0.28 -0.179  -0.36 -0.012 -0.008 -0.007
-0.298 -0.299 -0.394 -0.012 -0.009 -0.009
-0.246 -0.228  -0.42 -0.014 -0.009  -0.01
-0.344  -0.26 -0.391 -0.015 -0.012 -0.008
-0.332  -0.35 -0.419 -0.014 -0.008 -0.008
-0.294 -0.231 -0.339 -0.013 -0.011 -0.009
-0.301 -0.227  -0.36 -0.012 -0.009 -0.007
-0.295  -0.28 -0.395 -0.014  -0.01  -0.01
 -0.27 -0.228 -0.313 -0.012  -0.01 -0.009
-0.278 -0.301 -0.367 -0.013 -0.008 -0.008
-0.432 -0.401 -0.369 -0.012  -0.01 -0.009
-0.315 -0.328 -0.397 -0.014 -0.012  -0.01
-0.315  -0.28 -0.421 -0.014 -0.012  -0.01
-0.287 -0.324 -0.444 -0.014 -0.012 -0.008
-0.433 -0.358 -0.368 -0.014  -0.01 -0.009
-0.383  -0.31 -0.425 -0.015 -0.009 -0.012
-0.329 -0.377 -0.368 -0.015 -0.009 -0.007
-0.289 -0.421 -0.423 -0.014 -0.011 -0.009
-0.368 -0.379 -0.449 -0.015 -0.012 -0.009
-0.292 -0.374 -0.473 -0.015  -0.01 -0.008
-0.372 -0.356 -0.449 -0.015 -0.011  -0.01
-0.345 -0.401 -0.396 -0.014 -0.011 -0.009
-0.369 -0.402 -0.423 -0.014 -0.012 -0.009
-0.342 -0.327  -0.42 -0.013 -0.012 -0.009
-0.353 -0.328 -0.394 -0.014 -0.009 -0.009
-0.377 -0.384 -0.373 -0.017  -0.01 -0.009
-0.363 -0.279 -0.311 -0.012 -0.008 -0.007
-0.248 -0.248 -0.365 -0.011 -0.009 -0.009
 -0.24 -0.248 -0.414 -0.012  -0.01 -0.007
-0.414 -0.284 -0.341 -0.013 -0.008 -0.009
-0.305 -0.205 -0.311 -0.011 -0.008 -0.009
-0.316 -0.276  -0.39 -0.012 -0.012 -0.008
-0.299 -0.304 -0.343 -0.014 -0.009 -0.009
-0.246 -0.277 -0.289 -0.013 -0.009 -0.008
-0.355 -0.235 -0.364 -0.014 -0.009 -0.008
 -0.34 -0.258  -0.42 -0.014 -0.012  -0.01
-0.364 -0.253 -0.439 -0.012 -0.007 -0.007
-0.304 -0.156 -0.387 -0.011 -0.008 -0.009
-0.385 -0.281 -0.368 -0.012 -0.008  -0.01
-0.301 -0.277  -0.42 -0.013 -0.009  -0.01
-0.331 -0.297 -0.362 -0.011 -0.009 -0.007
-0.326 -0.331 -0.372 -0.015 -0.009  -0.01
-0.316 -0.369 -0.498 -0.012 -0.011 -0.009
-0.386 -0.301 -0.494 -0.012 -0.008 -0.009
-0.291  -0.35 -0.393 -0.014 -0.011 -0.007
-0.325 -0.307 -0.398 -0.015 -0.009 -0.011
  -0.4 -0.402 -0.422 -0.014 -0.011 -0.009
-0.324 -0.302 -0.448 -0.013 -0.009 -0.011
-0.317  -0.35 -0.449 -0.014 -0.011  -0.01
-0.298 -0.354 -0.347 -0.015 -0.009  -0.01
-0.366 -0.283 -0.472 -0.014 -0.012  -0.01
-0.262 -0.347 -0.447 -0.014 -0.011 -0.009
-0.263 -0.252 -0.444 -0.014 -0.011 -0.009
-0.384 -0.281 -0.418 -0.013 -0.008 -0.009
-0.381 -0.308 -0.418 -0.015 -0.009 -0.008
-0.325 -0.379 -0.399 -0.016  -0.01  -0.01
-0.346 -0.351 -0.395 -0.013 -0.011 -0.009
-0.353 -0.278 -0.418 -0.012 -0.009 -0.009
-0.356 -0.234 -0.313 -0.013 -0.009 -0.009
-0.309 -0.232 -0.265 -0.012 -0.008 -0.011
-0.312 -0.229 -0.287 -0.011 -0.007 -0.009
-0.211 -0.226 -0.339 -0.013 -0.011 -0.008
-0.231 -0.248 -0.362 -0.012 -0.012 -0.007
 -0.28 -0.274 -0.311 -0.012 -0.008 -0.007
-0.298  -0.23 -0.311 -0.013  -0.01 -0.007
-0.301 -0.249 -0.337 -0.011 -0.009 -0.008
  -0.3 -0.255 -0.341 -0.013 -0.009  -0.01
-0.327 -0.258 -0.343 -0.014 -0.009  -0.01
-0.218 -0.275 -0.291 -0.013 -0.009  -0.01
-0.298 -0.279 -0.289 -0.013  -0.01 -0.009
 -0.33 -0.281 -0.393 -0.014 -0.009 -0.009
-0.218 -0.302 -0.266 -0.014 -0.009 -0.009
-0.345 -0.323 -0.468 -0.012 -0.011 -0.008
-0.378 -0.353 -0.369 -0.013  -0.01 -0.009
-0.265 -0.301 -0.367 -0.013 -0.011 -0.008
-0.329 -0.355 -0.373 -0.015 -0.009  -0.01
 -0.32 -0.301 -0.496 -0.014  -0.01 -0.009
-0.295 -0.346 -0.496 -0.014  -0.01 -0.008
-0.318 -0.376 -0.396 -0.014 -0.011 -0.009
-0.293 -0.324 -0.444 -0.014  -0.01 -0.008
-0.375 -0.304   -0.5 -0.013  -0.01 -0.011
-0.298 -0.352 -0.347 -0.014 -0.009  -0.01
-0.318 -0.352 -0.399 -0.014 -0.011 -0.011
-0.297 -0.373 -0.423 -0.014  -0.01  -0.01
-0.407 -0.358 -0.423 -0.015 -0.009  -0.01
-0.271 -0.301 -0.502 -0.014 -0.009 -0.012
-0.267 -0.421 -0.476 -0.016  -0.01 -0.009
-0.322 -0.397 -0.477 -0.014  -0.01 -0.011
-0.378 -0.308 -0.367 -0.014  -0.01 -0.009
-0.295 -0.303 -0.369 -0.014  -0.01  -0.01
 -0.28 -0.302 -0.421 -0.014 -0.007  -0.01
-0.278 -0.276 -0.367 -0.013 -0.008 -0.009
-0.322 -0.279 -0.444 -0.014  -0.01 -0.009
-0.283  -0.23 -0.341 -0.013 -0.007  -0.01
-0.287 -0.224 -0.338  -0.01 -0.006  -0.01
-0.359 -0.258 -0.337 -0.014 -0.008 -0.007
-0.276 -0.204 -0.364 -0.012 -0.008 -0.009
-0.217 -0.324 -0.317 -0.014  -0.01 -0.008
-0.328 -0.252 -0.361 -0.012 -0.009 -0.007
-0.326 -0.232  -0.31 -0.013  -0.01 -0.007
-0.219 -0.203 -0.311 -0.013 -0.009 -0.008
 -0.36 -0.257 -0.289 -0.012 -0.008 -0.009
-0.266 -0.206 -0.339 -0.013 -0.011 -0.009
-0.301 -0.231 -0.337 -0.014 -0.009 -0.007
-0.368 -0.398 -0.446 -0.013 -0.012 -0.009
-0.295 -0.301 -0.395 -0.013  -0.01  -0.01
-0.376 -0.285 -0.473 -0.015  -0.01  -0.01
-0.359 -0.375 -0.397 -0.013 -0.008  -0.01
-0.294 -0.326 -0.419 -0.014  -0.01 -0.008
-0.292  -0.35 -0.499 -0.015  -0.01 -0.009
-0.348  -0.33 -0.318 -0.014 -0.011 -0.009
-0.377 -0.404  -0.37 -0.015  -0.01 -0.008
-0.378 -0.448 -0.425 -0.014  -0.01  -0.01
-0.323 -0.421 -0.448 -0.014  -0.01 -0.008
-0.296 -0.351 -0.452 -0.014 -0.009 -0.012
-0.309 -0.326 -0.393 -0.014 -0.013 -0.008
-0.478 -0.363 -0.366 -0.016 -0.012 -0.007
-0.324 -0.444 -0.396 -0.013  -0.01 -0.008
-0.323 -0.351 -0.475 -0.014 -0.009  -0.01
-0.342 -0.284 -0.317 -0.014 -0.012 -0.009
-0.295 -0.346 -0.392 -0.012  -0.01 -0.008
-0.236 -0.294 -0.393 -0.011 -0.011  -0.01
-0.296 -0.256 -0.345 -0.013  -0.01 -0.012
-0.407  -0.33 -0.448 -0.013 -0.009 -0.011
-0.357 -0.326 -0.392 -0.013 -0.009 -0.008
-0.334 -0.306 -0.366 -0.015 -0.008 -0.007
-0.272 -0.327 -0.318 -0.014 -0.009 -0.009
 -0.32 -0.278 -0.368 -0.012 -0.011  -0.01
-0.362 -0.311 -0.319 -0.016 -0.008  -0.01
-0.278 -0.251 -0.416 -0.013 -0.008 -0.008
-0.238 -0.272 -0.339 -0.011 -0.011 -0.008
-0.304 -0.298 -0.312 -0.011 -0.009 -0.007
-0.215 -0.219 -0.337 -0.009  -0.01 -0.009
-0.242 -0.253 -0.314 -0.013  -0.01 -0.008
-0.251 -0.272 -0.364 -0.012 -0.008 -0.008
 -0.26 -0.343 -0.393 -0.011 -0.012 -0.009
-0.318 -0.373  -0.42 -0.014 -0.011 -0.008
-0.342 -0.325 -0.419 -0.012 -0.012 -0.009
-0.347 -0.305 -0.393 -0.014 -0.011 -0.009
-0.397 -0.351  -0.42 -0.012 -0.012 -0.009
-0.361 -0.421 -0.447 -0.014 -0.007 -0.008
-0.283 -0.328 -0.449 -0.015 -0.013  -0.01
-0.377 -0.282 -0.444 -0.014  -0.01 -0.009
-0.326 -0.281 -0.396 -0.014 -0.009 -0.011
-0.345 -0.354 -0.421 -0.015 -0.011 -0.009
-0.315 -0.327 -0.421 -0.014 -0.012 -0.009
 -0.27 -0.304 -0.396 -0.015 -0.009  -0.01
 -0.32 -0.353  -0.45 -0.015  -0.01  -0.01
-0.346 -0.329 -0.395 -0.014 -0.011 -0.009
-0.316 -0.306 -0.369 -0.014 -0.012 -0.009
-0.286 -0.353 -0.449 -0.016 -0.012  -0.01
-0.325  -0.28 -0.315 -0.013  -0.01 -0.009
-0.323 -0.329 -0.348 -0.014  -0.01 -0.012
-0.381 -0.258 -0.417 -0.014 -0.009 -0.009
-0.267 -0.354 -0.371 -0.016  -0.01 -0.008
-0.383 -0.302 -0.337 -0.011 -0.009 -0.007
-0.294 -0.298  -0.42 -0.011  -0.01  -0.01
-0.351 -0.258 -0.393 -0.014  -0.01 -0.009
-0.351 -0.237 -0.368 -0.014  -0.01  -0.01
-0.275 -0.302 -0.347 -0.013 -0.009 -0.012
-0.299 -0.284  -0.37 -0.016 -0.009  -0.01
-0.264 -0.325 -0.369 -0.013 -0.011 -0.009
-0.312 -0.228 -0.284 -0.011 -0.007 -0.007
 -0.17 -0.295 -0.289 -0.013 -0.008 -0.008
-0.221 -0.201 -0.362 -0.013 -0.009 -0.008
-0.245 -0.252 -0.338 -0.013 -0.009 -0.008
-0.295 -0.305 -0.374 -0.014  -0.01 -0.012
-0.291 -0.276 -0.418 -0.013 -0.011 -0.009
 -0.32 -0.396 -0.424 -0.013  -0.01  -0.01
-0.322 -0.323 -0.416 -0.012  -0.01 -0.007
-0.353 -0.352 -0.394 -0.014 -0.009 -0.009
-0.289 -0.323 -0.473 -0.013 -0.011  -0.01
-0.344 -0.354 -0.477 -0.015 -0.011 -0.011
 -0.24 -0.255 -0.394 -0.015  -0.01 -0.009
-0.276 -0.349 -0.422 -0.014 -0.008 -0.009
-0.372 -0.379 -0.424 -0.014 -0.011  -0.01
-0.268  -0.35  -0.45 -0.015  -0.01  -0.01
-0.364 -0.452 -0.427 -0.016 -0.013  -0.01
-0.342 -0.333 -0.424 -0.016 -0.012  -0.01
-0.376 -0.354  -0.42 -0.014  -0.01 -0.009
-0.292 -0.398 -0.448 -0.015  -0.01 -0.008
-0.258 -0.348 -0.476 -0.014 -0.012  -0.01
-0.434 -0.282 -0.389 -0.012  -0.01 -0.008
-0.386 -0.308 -0.318 -0.014 -0.008  -0.01
  -0.3 -0.253 -0.363 -0.013 -0.009 -0.007
-0.242 -0.297 -0.422 -0.012 -0.009 -0.011
-0.267 -0.297 -0.392 -0.012  -0.01 -0.009
-0.268 -0.251 -0.367 -0.012  -0.01  -0.01
-0.267 -0.322 -0.392 -0.013  -0.01 -0.008
-0.306 -0.257 -0.367 -0.014 -0.008 -0.009
-0.321 -0.278  -0.34 -0.012 -0.011 -0.009
-0.358 -0.258 -0.364 -0.014 -0.008 -0.008
-0.295 -0.303 -0.369 -0.014  -0.01  -0.01
 -0.32 -0.358  -0.32 -0.016 -0.011 -0.009
-0.302  -0.23  -0.42 -0.013 -0.008 -0.011
-0.261 -0.199 -0.307  -0.01 -0.006 -0.007
  -0.3 -0.248  -0.36 -0.011 -0.009 -0.007
-0.272 -0.252 -0.366 -0.013 -0.009 -0.009
-0.346 -0.352 -0.371 -0.013 -0.011  -0.01
-0.382 -0.287 -0.343 -0.015 -0.009 -0.009
-0.349 -0.404 -0.371 -0.016  -0.01 -0.008
-0.248 -0.297 -0.447 -0.013 -0.008  -0.01
-0.322 -0.305 -0.395 -0.014  -0.01 -0.009
-0.379 -0.371 -0.443 -0.011 -0.009 -0.008
 -0.29 -0.302 -0.444 -0.014 -0.011 -0.008
-0.346 -0.328 -0.397 -0.013 -0.011 -0.011
-0.342 -0.332 -0.397 -0.015 -0.012  -0.01
-0.378 -0.328 -0.368 -0.012  -0.01 -0.009
-0.256 -0.351 -0.399 -0.015 -0.013  -0.01
 -0.37 -0.354  -0.42 -0.014 -0.012 -0.009
-0.368 -0.352 -0.472 -0.014 -0.012 -0.009
-0.396 -0.331 -0.472 -0.014 -0.012 -0.009
-0.344 -0.306 -0.475 -0.014 -0.011 -0.011
-0.321 -0.352 -0.422 -0.014  -0.01 -0.009
-0.238 -0.275 -0.341 -0.013 -0.011 -0.009
-0.236  -0.25 -0.313 -0.012 -0.012 -0.008
-0.306 -0.256 -0.368 -0.014 -0.008  -0.01
-0.299 -0.302 -0.368 -0.014 -0.009 -0.009
-0.385  -0.38 -0.318 -0.014 -0.009 -0.009
-0.319 -0.396 -0.473 -0.014  -0.01 -0.009
-0.293 -0.301 -0.468 -0.014  -0.01 -0.007
 -0.29 -0.323 -0.421 -0.012 -0.011  -0.01
-0.378 -0.309  -0.37 -0.014  -0.01  -0.01
-0.326 -0.256 -0.419 -0.014 -0.009 -0.009
-0.268 -0.297 -0.364 -0.012  -0.01 -0.007
-0.266 -0.278 -0.316 -0.014 -0.011 -0.009
-0.234 -0.301 -0.368 -0.014 -0.012 -0.008
-0.389 -0.332 -0.342 -0.014 -0.008 -0.009
 -0.24 -0.322 -0.368 -0.013  -0.01 -0.009
-0.284 -0.437 -0.499 -0.011 -0.012 -0.009
-0.354 -0.352 -0.499 -0.014 -0.009 -0.009
-0.324 -0.326  -0.34 -0.013  -0.01 -0.008
-0.266   -0.3 -0.469 -0.014  -0.01 -0.007
-0.317 -0.351 -0.447 -0.014 -0.011 -0.009
-0.318 -0.324 -0.396 -0.011 -0.011 -0.011
  -0.4 -0.334 -0.423 -0.015 -0.011  -0.01
-0.375 -0.356  -0.32 -0.014 -0.011  -0.01
-0.325 -0.327 -0.395 -0.014 -0.009 -0.009
-0.318 -0.352 -0.397 -0.014 -0.011 -0.009
-0.351 -0.331 -0.343 -0.014  -0.01 -0.009
-0.353 -0.332 -0.396 -0.015 -0.009 -0.009
-0.294 -0.374 -0.395 -0.014  -0.01 -0.008
-0.266 -0.371 -0.422 -0.013  -0.01 -0.009
-0.349 -0.327 -0.445 -0.014  -0.01 -0.009
-0.264 -0.368 -0.341 -0.011 -0.011 -0.008
-0.268 -0.279 -0.346 -0.014  -0.01 -0.011
-0.355 -0.306 -0.338 -0.014 -0.009 -0.007
-0.354 -0.275 -0.391 -0.011 -0.009 -0.009
-0.214 -0.278 -0.318 -0.014  -0.01  -0.01
-0.246 -0.341 -0.392 -0.011 -0.009 -0.008
-0.298 -0.323 -0.396 -0.012 -0.009  -0.01
-0.269 -0.299 -0.317 -0.012  -0.01  -0.01
-0.243 -0.326  -0.37 -0.015  -0.01 -0.009
-0.381 -0.307 -0.369 -0.014 -0.009  -0.01
-0.296 -0.349 -0.343 -0.013  -0.01 -0.009
-0.314 -0.301 -0.444 -0.013 -0.012 -0.009
-0.326 -0.278 -0.417 -0.013 -0.009 -0.009
-0.275 -0.375 -0.317 -0.015 -0.009 -0.008
-0.339 -0.281  -0.42 -0.014 -0.012  -0.01
-0.379 -0.355 -0.424 -0.014 -0.009 -0.011
-0.298 -0.324 -0.395 -0.013 -0.009  -0.01
-0.292 -0.325 -0.498 -0.014  -0.01 -0.009
-0.373 -0.331 -0.446 -0.015 -0.011 -0.009
-0.322  -0.35 -0.395 -0.014  -0.01 -0.009
-0.377 -0.282 -0.442 -0.014  -0.01 -0.008
-0.258 -0.253 -0.497 -0.014 -0.012  -0.01
-0.401 -0.334 -0.398 -0.014 -0.011 -0.011
-0.286 -0.353 -0.424 -0.016 -0.012  -0.01
-0.339 -0.374 -0.395 -0.014 -0.006 -0.009
-0.312 -0.346 -0.394 -0.011 -0.013 -0.009
-0.385 -0.354 -0.343 -0.014 -0.009 -0.009
-0.377 -0.425 -0.345 -0.014  -0.01 -0.009
-0.267 -0.299 -0.392 -0.013  -0.01 -0.008
-0.314 -0.349 -0.446 -0.014 -0.012 -0.009
 -0.23 -0.349 -0.345 -0.014 -0.013 -0.009
 -0.29 -0.306 -0.422 -0.016 -0.011  -0.01
-0.274 -0.302 -0.396 -0.014 -0.009  -0.01
-0.368 -0.261 -0.368 -0.015 -0.006  -0.01
-0.358 -0.258 -0.367 -0.014 -0.008 -0.009
 -0.22 -0.225 -0.284 -0.012 -0.009 -0.007
  -0.3 -0.254 -0.366 -0.013 -0.009 -0.009
-0.356 -0.304 -0.418 -0.014 -0.009 -0.009
-0.268 -0.323 -0.343 -0.012  -0.01  -0.01
 -0.21 -0.296 -0.342 -0.012 -0.011 -0.009
-0.298 -0.351 -0.346 -0.014 -0.009  -0.01
-0.215 -0.298 -0.394 -0.013  -0.01 -0.009
 -0.32 -0.234 -0.391 -0.014 -0.011 -0.009
 -0.32 -0.274 -0.342  -0.01 -0.011 -0.011
-0.289 -0.331 -0.346 -0.016 -0.012  -0.01
-0.298 -0.329 -0.397 -0.015 -0.009  -0.01
-0.318  -0.33 -0.422 -0.015 -0.011 -0.009
-0.352 -0.372 -0.443 -0.013  -0.01 -0.007
-0.297 -0.347  -0.42 -0.013  -0.01 -0.009
-0.206  -0.37 -0.476 -0.015 -0.011  -0.01
-0.297 -0.374  -0.42 -0.015  -0.01 -0.007
-0.376 -0.358 -0.399 -0.016  -0.01  -0.01
-0.343 -0.401 -0.477 -0.015 -0.011  -0.01
-0.346 -0.352 -0.394 -0.014 -0.011 -0.009
-0.375 -0.406 -0.427 -0.016  -0.01 -0.011
-0.265 -0.272  -0.34 -0.011 -0.011 -0.009
-0.351 -0.285 -0.343 -0.015  -0.01 -0.009
-0.342 -0.327 -0.445 -0.014 -0.012 -0.009
 -0.29 -0.327 -0.445 -0.015 -0.011 -0.008
 -0.35 -0.334 -0.395 -0.017  -0.01 -0.008
 -0.32 -0.326 -0.475 -0.014  -0.01 -0.011
-0.375 -0.338 -0.345 -0.017 -0.011 -0.009
 -0.27 -0.298 -0.417 -0.013 -0.009 -0.008
-0.324  -0.23 -0.365 -0.012  -0.01 -0.009
-0.242 -0.207 -0.317 -0.014  -0.01  -0.01
-0.357 -0.299 -0.414 -0.011 -0.009 -0.007
-0.331 -0.281 -0.315 -0.014 -0.009 -0.009
-0.279 -0.277 -0.344 -0.013 -0.008  -0.01
-0.274 -0.273 -0.417 -0.012 -0.009 -0.009
-0.217 -0.227 -0.366 -0.014 -0.009 -0.009
-0.238 -0.275 -0.341 -0.013 -0.011 -0.009
-0.276 -0.274 -0.341 -0.011 -0.009  -0.01
-0.374 -0.373 -0.367 -0.011 -0.011 -0.009
-0.276 -0.256 -0.318 -0.014 -0.009  -0.01
-0.322 -0.253 -0.313 -0.011 -0.011 -0.009
-0.304   -0.3  -0.42 -0.013 -0.008  -0.01
-0.324 -0.303 -0.342 -0.013  -0.01 -0.009
-0.357 -0.303 -0.369 -0.012 -0.009  -0.01
-0.327 -0.213 -0.262 -0.014  -0.01 -0.009
-0.319  -0.35 -0.371 -0.013 -0.011  -0.01
-0.351 -0.351 -0.471 -0.014 -0.009 -0.008
-0.283 -0.328 -0.422 -0.015 -0.013 -0.009
-0.379 -0.355 -0.447 -0.015 -0.009 -0.009
-0.327 -0.328 -0.449 -0.014 -0.009  -0.01
-0.255 -0.376 -0.426 -0.016 -0.013  -0.01
-0.317 -0.398 -0.426 -0.014 -0.011 -0.011
-0.321 -0.353 -0.446 -0.016  -0.01 -0.008
-0.296 -0.394 -0.449 -0.013  -0.01  -0.01
-0.347 -0.329  -0.39 -0.014 -0.011 -0.007
-0.304 -0.347 -0.421 -0.013 -0.008  -0.01
-0.318   -0.3  -0.42 -0.012 -0.011  -0.01
-0.341 -0.328 -0.343 -0.013 -0.012 -0.009
-0.231 -0.368 -0.423 -0.013 -0.012  -0.01
-0.258 -0.346 -0.344 -0.012 -0.013 -0.009
-0.309 -0.275 -0.368 -0.011 -0.007  -0.01
-0.273 -0.226 -0.337 -0.011 -0.009 -0.008
-0.365 -0.233 -0.391 -0.013 -0.007 -0.009
 -0.33 -0.282 -0.369 -0.014 -0.009  -0.01
 -0.33 -0.328 -0.342 -0.014 -0.009 -0.009
-0.301 -0.233 -0.315 -0.014 -0.009  -0.01
-0.218 -0.225 -0.341 -0.012 -0.009  -0.01
-0.252 -0.227 -0.364 -0.013 -0.008 -0.008
-0.319 -0.324 -0.394 -0.012 -0.011 -0.009
-0.272 -0.252 -0.341 -0.012 -0.009  -0.01
-0.314 -0.276 -0.361 -0.013 -0.006 -0.006
-0.326 -0.349 -0.366 -0.013 -0.009 -0.007
-0.358 -0.309  -0.32 -0.014 -0.009 -0.011
-0.241 -0.301 -0.317 -0.013  -0.01 -0.009
-0.251 -0.303 -0.367 -0.016 -0.008 -0.008
 -0.24  -0.25 -0.418 -0.013  -0.01 -0.009
-0.373  -0.33 -0.423 -0.014 -0.011 -0.011
-0.362 -0.354 -0.447 -0.014 -0.013 -0.009
-0.297 -0.371 -0.422 -0.013  -0.01  -0.01
-0.322 -0.351 -0.396 -0.014  -0.01 -0.009
 -0.41 -0.351 -0.445 -0.012 -0.009 -0.009
-0.375 -0.355 -0.472 -0.015  -0.01 -0.009
-0.293 -0.325 -0.423 -0.013  -0.01 -0.011
-0.284 -0.395 -0.502 -0.014 -0.012  -0.01
-0.363 -0.357 -0.399 -0.015 -0.013 -0.011
-0.341 -0.354 -0.447 -0.015 -0.012 -0.009
 -0.36 -0.374 -0.393 -0.013 -0.008 -0.008
-0.324 -0.378 -0.424 -0.016  -0.01  -0.01
-0.317 -0.376 -0.426 -0.014 -0.011 -0.011
-0.298 -0.325 -0.371 -0.013 -0.009  -0.01
-0.296 -0.279 -0.367 -0.014  -0.01 -0.009
-0.321 -0.311 -0.425 -0.017  -0.01  -0.01
 -0.28 -0.221 -0.335 -0.009 -0.008 -0.008
-0.278 -0.205  -0.31 -0.013 -0.008 -0.007
-0.336 -0.207 -0.309 -0.012 -0.008 -0.007
-0.326  -0.35 -0.344 -0.013 -0.009 -0.009
-0.191 -0.227  -0.29 -0.013 -0.009  -0.01
-0.305  -0.23 -0.287 -0.012 -0.008 -0.009
-0.222 -0.278 -0.289 -0.015 -0.009 -0.008
-0.255 -0.229 -0.366 -0.014 -0.007 -0.009
-0.378 -0.328 -0.366 -0.013  -0.01 -0.008
-0.275 -0.322  -0.34 -0.012 -0.009 -0.008
-0.363 -0.232 -0.312 -0.012 -0.008 -0.009
 -0.27 -0.328 -0.422 -0.016  -0.01 -0.009
-0.265 -0.297 -0.366 -0.011 -0.011 -0.009
 -0.35 -0.308 -0.394 -0.015  -0.01 -0.009
-0.273 -0.228  -0.34 -0.012 -0.009  -0.01
  -0.4 -0.331 -0.444 -0.014 -0.011 -0.008
-0.242 -0.346 -0.423 -0.013  -0.01  -0.01
  -0.2 -0.348 -0.424 -0.015 -0.013  -0.01
-0.343 -0.349 -0.501 -0.013 -0.011 -0.011
-0.316 -0.396 -0.451 -0.013 -0.011 -0.011
-0.407 -0.334 -0.448 -0.015 -0.009  -0.01
-0.378 -0.399 -0.449 -0.013 -0.009  -0.01
 -0.37  -0.28  -0.42 -0.012 -0.012 -0.011
-0.343 -0.378 -0.371 -0.014 -0.012 -0.009
-0.258 -0.303 -0.476 -0.015 -0.012 -0.011
-0.297 -0.351 -0.424 -0.014  -0.01  -0.01
-0.289 -0.396 -0.449 -0.014 -0.011 -0.009
-0.323 -0.375 -0.476 -0.014  -0.01  -0.01
-0.262 -0.347 -0.447 -0.014 -0.011 -0.009
-0.371 -0.403 -0.452 -0.015 -0.011 -0.011
-0.315 -0.349 -0.397 -0.012 -0.012 -0.011
-0.353 -0.306 -0.393 -0.014 -0.009 -0.009
-0.287 -0.229 -0.338 -0.013 -0.006 -0.008
-0.255 -0.157 -0.283 -0.013 -0.008 -0.008
-0.251   -0.2 -0.282  -0.01 -0.009 -0.007
-0.277 -0.249 -0.335 -0.011 -0.009 -0.007
-0.274 -0.204  -0.31 -0.012 -0.009 -0.007
-0.313 -0.255 -0.366 -0.014 -0.006 -0.009
 -0.22 -0.273 -0.366 -0.013 -0.009 -0.008
-0.195 -0.318  -0.37 -0.012 -0.008  -0.01
-0.279 -0.252 -0.365 -0.013 -0.008 -0.008
-0.271  -0.25 -0.285 -0.011  -0.01 -0.007
-0.248 -0.275  -0.34 -0.013 -0.009 -0.008
-0.361  -0.28 -0.364 -0.013 -0.008 -0.008
-0.311  -0.32 -0.442 -0.011 -0.006 -0.008
-0.297 -0.299 -0.313 -0.011  -0.01 -0.008
-0.309 -0.254 -0.416 -0.014 -0.007 -0.008
-0.293 -0.302 -0.447 -0.014  -0.01  -0.01
-0.325 -0.349 -0.421 -0.013 -0.009 -0.009
-0.293 -0.354 -0.401 -0.015  -0.01 -0.012
-0.318 -0.396 -0.525 -0.014  -0.01 -0.009
-0.346 -0.331  -0.42 -0.015 -0.011 -0.009
-0.321 -0.394 -0.419 -0.012  -0.01 -0.008
-0.383 -0.372 -0.419 -0.011 -0.009 -0.009
-0.264 -0.324 -0.501 -0.014  -0.01  -0.01
-0.298 -0.374 -0.371 -0.014  -0.01  -0.01
 -0.31   -0.4 -0.424 -0.016 -0.007 -0.009
-0.291 -0.349 -0.396 -0.014 -0.011 -0.009
-0.296 -0.303 -0.475 -0.014 -0.009 -0.011
-0.324 -0.347 -0.447 -0.012 -0.009  -0.01
 -0.36  -0.33 -0.394 -0.014 -0.008 -0.009
-0.283 -0.397 -0.396 -0.014 -0.013 -0.008
-0.298 -0.254 -0.445 -0.014 -0.009  -0.01
-0.264 -0.322 -0.369 -0.012 -0.011  -0.01
-0.268 -0.276 -0.368 -0.013  -0.01  -0.01
-0.292 -0.276 -0.393 -0.012 -0.011 -0.009
-0.303 -0.282 -0.319 -0.014 -0.009  -0.01
-0.304   -0.3 -0.315 -0.012 -0.009 -0.009
-0.259 -0.255 -0.292 -0.014 -0.006  -0.01
 -0.28 -0.255 -0.339 -0.014 -0.008 -0.008
-0.311 -0.274  -0.31 -0.011 -0.007 -0.007
-0.257 -0.249 -0.283 -0.012 -0.007 -0.006
-0.224 -0.298 -0.339 -0.013 -0.008 -0.007
-0.213 -0.322 -0.344 -0.013  -0.01 -0.009
 -0.25   -0.3 -0.368 -0.013 -0.008 -0.009
-0.309 -0.305 -0.344 -0.014 -0.007  -0.01
 -0.22 -0.249 -0.392 -0.013 -0.009 -0.009
-0.298 -0.231 -0.312 -0.013  -0.01 -0.008
-0.327 -0.347 -0.446 -0.012 -0.009 -0.009
-0.314 -0.396 -0.419 -0.013 -0.012 -0.007
-0.327 -0.397 -0.447 -0.014 -0.009 -0.009
-0.301 -0.382  -0.35 -0.017 -0.009  -0.01
-0.354 -0.333 -0.476 -0.017 -0.009  -0.01
-0.355 -0.301 -0.471 -0.012 -0.009  -0.01
-0.289 -0.397 -0.425 -0.014 -0.011  -0.01
-0.316 -0.372 -0.472 -0.014 -0.011 -0.009
-0.345 -0.374 -0.421 -0.013 -0.011 -0.009
-0.348 -0.328 -0.448 -0.014  -0.01  -0.01
-0.356 -0.348 -0.419 -0.012 -0.009 -0.009
-0.297 -0.373 -0.397 -0.014  -0.01  -0.01
-0.278 -0.399 -0.453 -0.016 -0.007  -0.01
-0.349 -0.326 -0.442 -0.014  -0.01 -0.007
-0.228 -0.394   -0.4 -0.013 -0.013  -0.01
-0.382 -0.282 -0.389 -0.014 -0.009 -0.007
-0.273  -0.25 -0.339 -0.011 -0.009 -0.009
-0.326  -0.35 -0.366 -0.013 -0.009 -0.007
-0.326 -0.328 -0.371 -0.014 -0.009  -0.01
-0.268 -0.255 -0.393 -0.014  -0.01 -0.009
-0.267 -0.393 -0.371 -0.012  -0.01  -0.01
-0.302  -0.25 -0.418 -0.011 -0.009  -0.01
-0.321 -0.208 -0.386 -0.014 -0.011 -0.007
-0.266 -0.396 -0.397 -0.014  -0.01 -0.009
-0.244 -0.297 -0.368 -0.012 -0.009  -0.01
-0.301 -0.183 -0.336 -0.013 -0.009 -0.008
-0.243 -0.272 -0.285 -0.011  -0.01 -0.007
-0.328 -0.227 -0.361 -0.011 -0.009 -0.008
-0.274 -0.278 -0.421 -0.014 -0.009  -0.01
-0.279 -0.273 -0.338 -0.011 -0.008 -0.008
-0.297 -0.235 -0.319 -0.014  -0.01 -0.011
-0.304 -0.355 -0.396 -0.016 -0.008 -0.008
-0.298  -0.33 -0.374 -0.015 -0.009 -0.011
-0.377 -0.356 -0.395 -0.015  -0.01 -0.009
-0.407 -0.328 -0.468 -0.013 -0.009 -0.008
-0.383 -0.351 -0.419 -0.013 -0.009 -0.009
-0.378 -0.358 -0.451 -0.016 -0.009 -0.011
 -0.35 -0.357  -0.37 -0.016  -0.01 -0.009
-0.356 -0.305 -0.418 -0.014 -0.009 -0.008
-0.329   -0.3 -0.418 -0.012 -0.009 -0.009
 -0.32 -0.328 -0.344 -0.014 -0.011 -0.009
-0.381 -0.305 -0.417 -0.014 -0.009 -0.008
-0.298 -0.325 -0.371 -0.013 -0.009  -0.01
-0.345 -0.374 -0.421 -0.013 -0.011 -0.009
-0.278 -0.304 -0.371 -0.015 -0.008  -0.01
-0.318 -0.331 -0.423 -0.016 -0.011 -0.009
-0.321 -0.373 -0.423 -0.013  -0.01  -0.01
-0.293 -0.302 -0.338 -0.013 -0.011 -0.007
-0.304 -0.352 -0.397 -0.015 -0.008  -0.01
-0.268 -0.299 -0.366 -0.013  -0.01 -0.008
-0.331 -0.261 -0.366 -0.016 -0.009 -0.008
